For n_clusters = 5

cluster_labels: [3 1 1 ... 4 4 2]


centroids: [[0.51201398 0.02025901 0.00908114 0.24719446]
 [0.27623709 0.0230597  0.00812955 0.76835237]
 [0.82559775 0.02481585 0.01097346 0.76951477]
 [0.07640638 0.02023652 0.00883403 0.25767475]
 [0.91353135 0.01936567 0.00872319 0.25034035]]


 The average silhouette_score is : 0.40880208983198163

*************

For n_clusters = 10

cluster_labels: [5 4 4 ... 9 9 6]


centroids: [[0.60144928 0.02632813 0.01236349 0.82553113]
 [0.50641026 0.0222512  0.009345   0.12247596]
 [0.08215962 0.01679001 0.00907817 0.4127054 ]
 [0.92163743 0.01724651 0.00885508 0.39939693]
 [0.08299595 0.0232622  0.00801082 0.79048583]
 [0.07924837 0.02334663 0.00857262 0.12553615]
 [0.91158901 0.02332787 0.009054   0.7890905 ]
 [0.51587302 0.01860584 0.0087066  0.38733553]
 [0.39198856 0.02342329 0.00839046 0.72874195]
 [0.90361446 0.02185011 0.00848893 0.11790914]]


 The average silhouette_score is : 0.3839525222526082

*************

For n_clusters = 20

cluster_labels: [12 13  6 ...  4  4  7]


centroids: [[ 6.39506173e-01  1.99623352e-02  9.07495173e-03  8.91203704e-02]
 [ 3.33333333e-01  2.51144377e-02  8.54464317e-03  7.72924270e-01]
 [ 8.97274633e-01  1.95075152e-02  8.85272288e-03  6.72661164e-01]
 [ 3.33333333e-01  2.05369294e-02  8.87328329e-03  1.69822080e-01]
 [ 8.96995708e-01  2.21866589e-02  8.48198849e-03  1.09911481e-01]
 [-7.77156117e-16  1.89979512e-02  9.14014895e-03  3.87019231e-01]
 [ 7.96019900e-02  2.69415634e-02  8.08162977e-03  8.72784515e-01]
 [ 9.26174497e-01  2.67318849e-02  9.06517383e-03  8.72273490e-01]
 [ 8.33333333e-01  1.78109739e-02  9.11719817e-03  3.80826271e-01]
 [ 1.00000000e+00  1.62887959e-02  8.78623746e-03  3.62824675e-01]
 [ 5.00000000e-01  1.93704600e-02  9.11410864e-03  4.25480769e-01]
 [ 5.70175439e-01  2.41847557e-02  8.32848314e-03  8.84868421e-01]
 [ 5.76131687e-02  2.30173677e-02  8.38160435e-03  1.03009259e-01]
 [ 8.71964680e-02  1.76226288e-02  8.08198111e-03  6.61630795e-01]
 [ 5.00000000e-01  2.21357785e-02  9.75060213e-03  1.76400273e-01]
 [ 6.66666667e-01  2.10442498e-02  8.06323356e-03  3.69756711e-01]
 [ 1.66666667e-01  1.85481292e-02  9.47867299e-03  2.88030660e-01]
 [ 6.66666667e-01  1.00000000e+00  1.00000000e+00  6.71875000e-01]
 [ 5.88122605e-01  2.00662381e-02  8.33469521e-03  6.84536638e-01]
 [ 3.04843305e-01  1.78183399e-02  9.09385507e-03  4.44978632e-01]]


 The average silhouette_score is : 0.42600887702923007

*************

For n_clusters = 5

cluster_labels: [2 0 0 ... 1 1 3]


centroids: [[0.17010703 0.0230524  0.00822862 0.75867259]
 [0.91570142 0.01950134 0.00869183 0.2585666 ]
 [0.17306622 0.02000509 0.00894856 0.24997391]
 [0.73026999 0.0240509  0.01018736 0.78039817]
 [0.57809695 0.02081368 0.00904048 0.24705453]]


 The average silhouette_score is : 0.40376689814353084

*************

For n_clusters = 10

cluster_labels: [7 0 0 ... 3 9 1]


centroids: [[0.07983193 0.02350093 0.00799514 0.79615284]
 [0.91125541 0.02300242 0.0089555  0.76922687]
 [0.43012276 0.02122245 0.00926386 0.16815687]
 [0.81425703 0.02123749 0.00884343 0.10448042]
 [0.07302405 0.01694915 0.00910001 0.39666559]
 [0.31957929 0.0178542  0.00914508 0.57440837]
 [0.54166667 0.0264496  0.01087553 0.80995066]
 [0.07963875 0.02337814 0.00857983 0.12484606]
 [0.60648148 0.02071563 0.00837847 0.3999256 ]
 [0.93123543 0.01736399 0.00882411 0.36166958]]


 The average silhouette_score is : 0.3954320126764845

*************

For n_clusters = 20

cluster_labels: [ 2  6  6 ... 12 12  8]


centroids: [[ 8.33333333e-01  2.14048576e-02  8.57477891e-03  1.65512242e-01]
 [ 3.33333333e-01  2.82485876e-02  8.16219063e-03  8.54166667e-01]
 [-8.88178420e-16  2.57435241e-02  8.09264062e-03  1.14534198e-01]
 [ 7.35772358e-01  2.38735014e-02  7.87481216e-03  4.46932165e-01]
 [ 6.66666667e-01  2.81378088e-02  1.54105876e-02  7.86560458e-01]
 [ 2.64492754e-01  2.22918202e-02  8.83474140e-03  1.25169837e-01]
 [ 7.18954248e-02  1.76138252e-02  8.05377443e-03  6.62990196e-01]
 [ 1.66666667e-01  1.59897665e-02  9.34454082e-03  3.41981132e-01]
 [ 9.26174497e-01  2.67318849e-02  9.06517383e-03  8.72273490e-01]
 [ 1.00000000e+00  1.62122329e-02  8.80898413e-03  3.77717391e-01]
 [ 5.47743056e-01  1.73022599e-02  8.94796603e-03  3.27229818e-01]
 [ 4.12751678e-01  2.01342282e-02  8.63577086e-03  6.66841443e-01]
 [ 1.00000000e+00  1.87247780e-02  8.82419318e-03  1.16517857e-01]
 [ 5.00000000e-01  2.41910632e-02  7.69065058e-03  8.75710227e-01]
 [ 6.66666667e-01  1.94295163e-02  9.34381382e-03  1.14202236e-01]
 [ 9.72222222e-02  2.70929635e-02  8.11431854e-03  8.74408144e-01]
 [ 3.61519608e-01  1.66999003e-02  9.14761639e-03  4.03607537e-01]
 [ 5.00000000e-01  2.43020937e-02  1.00885141e-02  9.99540441e-02]
 [ 8.97274633e-01  1.95075152e-02  8.85272288e-03  6.72661164e-01]
 [-7.77156117e-16  1.89979512e-02  9.14014895e-03  3.87019231e-01]]


 The average silhouette_score is : 0.4200369943438856

*************

For n_clusters = 5

cluster_labels: [2 1 1 ... 0 0 3]


centroids: [[0.91570142 0.01950134 0.00869183 0.2585666 ]
 [0.17010703 0.0230524  0.00822862 0.75867259]
 [0.17306622 0.02000509 0.00894856 0.24997391]
 [0.73026999 0.0240509  0.01018736 0.78039817]
 [0.57809695 0.02081368 0.00904048 0.24705453]]


 The average silhouette_score is : 0.40376689814353084

*************

For n_clusters = 10

cluster_labels: [0 2 2 ... 9 7 3]


centroids: [[0.06938484 0.02233215 0.00875659 0.14739807]
 [0.58978676 0.01968841 0.00846538 0.38315446]
 [0.07735849 0.02251359 0.00803005 0.77600236]
 [0.93250689 0.02311248 0.00910658 0.73786157]
 [0.42819706 0.02339836 0.00819697 0.78513168]
 [0.20242215 0.0170078  0.00913429 0.4120891 ]
 [0.43148148 0.02354049 0.0093207  0.12789352]
 [0.93123543 0.01736399 0.00882411 0.36166958]
 [0.71666667 0.02650231 0.01325937 0.81505682]
 [0.81425703 0.02123749 0.00884343 0.10448042]]


 The average silhouette_score is : 0.3883097421072364

*************

For n_clusters = 20

cluster_labels: [13  8  4 ...  0 10  7]


centroids: [[ 9.07975460e-01  2.04845586e-02  8.53371326e-03  7.21817485e-02]
 [ 5.88122605e-01  2.00662381e-02  8.33469521e-03  6.84536638e-01]
 [ 2.54471545e-01  2.17445225e-02  8.93538319e-03  1.36280488e-01]
 [ 8.88127854e-01  1.90387741e-02  8.97552425e-03  6.81078767e-01]
 [ 8.73015873e-02  2.59425804e-02  8.20517781e-03  8.63307823e-01]
 [ 5.00000000e-01  2.56448047e-02  9.82897177e-03  2.49864130e-01]
 [ 9.31677019e-01  1.94757343e-02  8.40422713e-03  4.48175466e-01]
 [ 9.26174497e-01  2.67318849e-02  9.06517383e-03  8.72273490e-01]
 [ 7.97101449e-02  1.78088922e-02  7.95040868e-03  6.51834239e-01]
 [ 2.61784512e-01  1.59219312e-02  9.28718464e-03  3.78551136e-01]
 [ 9.08934708e-01  1.86964879e-02  9.06337030e-03  2.57812500e-01]
 [-7.77156117e-16  1.89979512e-02  9.14014895e-03  3.87019231e-01]
 [ 5.70175439e-01  2.41847557e-02  8.32848314e-03  8.84868421e-01]
 [-8.88178420e-16  2.57435241e-02  8.09264062e-03  1.14534198e-01]
 [ 6.66666667e-01  1.94295163e-02  9.34381382e-03  1.14202236e-01]
 [ 3.33333333e-01  2.46327684e-02  8.56240126e-03  7.56041667e-01]
 [ 6.66666667e-01  1.00000000e+00  1.00000000e+00  6.71875000e-01]
 [ 5.00000000e-01  1.74627632e-02  8.99995213e-03  6.75505051e-02]
 [ 6.66666667e-01  2.14607975e-02  7.96140339e-03  3.79496403e-01]
 [ 5.00000000e-01  1.94295163e-02  9.30528263e-03  4.37881098e-01]]


 The average silhouette_score is : 0.417581027847162

*************

For n_clusters = 5

cluster_labels: [1 3 3 ... 2 2 0]


centroids: [[0.73562341 0.02406521 0.0101335  0.77638359]
 [0.17306622 0.02000509 0.00894856 0.24997391]
 [0.91353135 0.01936567 0.00872319 0.25034035]
 [0.17010703 0.0230524  0.00822862 0.75867259]
 [0.57809695 0.02081368 0.00904048 0.24705453]]


 The average silhouette_score is : 0.40413029564520586

*************

For n_clusters = 10

cluster_labels: [3 0 0 ... 9 9 2]


centroids: [[0.08299595 0.0232622  0.00801082 0.79048583]
 [0.59009009 0.0196404  0.00847797 0.38355152]
 [0.91158901 0.02332787 0.009054   0.7890905 ]
 [0.06938484 0.02233215 0.00875659 0.14739807]
 [0.42019544 0.02224921 0.0093243  0.14866653]
 [0.59722222 0.02651515 0.01215353 0.82303504]
 [0.92580288 0.0172307  0.00884099 0.390625  ]
 [0.38687783 0.02277782 0.00848148 0.72787048]
 [0.16343669 0.01721193 0.00904699 0.43071705]
 [0.82177264 0.02140688 0.00875955 0.1078396 ]]


 The average silhouette_score is : 0.3945483497742219

*************

For n_clusters = 20

cluster_labels: [ 8  3 11 ... 14 14  6]


centroids: [[ 6.66666667e-01  3.02533260e-02  1.91357081e-02  6.87163978e-01]
 [ 3.33333333e-01  1.68226663e-02  9.19572752e-03  3.62173507e-01]
 [ 6.66666667e-01  1.94295163e-02  9.34381382e-03  1.14202236e-01]
 [ 8.92473118e-02  1.78239475e-02  8.05687204e-03  6.57459677e-01]
 [ 1.00000000e+00  1.62887959e-02  8.78623746e-03  3.62824675e-01]
 [-7.77156117e-16  1.86786579e-02  9.18850953e-03  3.76116071e-01]
 [ 9.16666667e-01  2.83769902e-02  8.94011202e-03  8.86008523e-01]
 [ 2.45901639e-01  2.86190609e-02  8.00248621e-03  8.81787910e-01]
 [ 6.02150538e-02  2.34007654e-02  8.31677114e-03  9.70766129e-02]
 [ 4.66216216e-01  2.33623454e-02  9.52670680e-03  2.35325169e-01]
 [ 9.07196970e-01  1.89714946e-02  8.96704007e-03  6.81640625e-01]
 [-6.66133815e-16  2.88135593e-02  7.85375762e-03  8.59375000e-01]
 [ 5.70175439e-01  2.41847557e-02  8.32848314e-03  8.84868421e-01]
 [ 4.37908497e-01  2.10479672e-02  9.02952018e-03  6.80147059e-02]
 [ 9.01689708e-01  2.24166211e-02  8.52862166e-03  1.00734447e-01]
 [ 8.33333333e-01  1.79610422e-02  8.96583434e-03  3.63339552e-01]
 [ 6.66666667e-01  2.14607975e-02  7.96140339e-03  3.79496403e-01]
 [ 4.11877395e-01  1.99688291e-02  8.68878357e-03  6.81034483e-01]
 [ 1.66666667e-01  1.84773548e-02  9.34270841e-03  3.11475410e-01]
 [ 5.00000000e-01  1.94295163e-02  9.30528263e-03  4.37881098e-01]]


 The average silhouette_score is : 0.4383581342690866

*************

For n_clusters = 5

cluster_labels: [1 2 2 ... 3 3 0]


centroids: [[0.73562341 0.02406521 0.0101335  0.77638359]
 [0.17306622 0.02000509 0.00894856 0.24997391]
 [0.17010703 0.0230524  0.00822862 0.75867259]
 [0.91353135 0.01936567 0.00872319 0.25034035]
 [0.57809695 0.02081368 0.00904048 0.24705453]]


 The average silhouette_score is : 0.40413029564520586

*************

For n_clusters = 10

cluster_labels: [7 8 8 ... 6 6 4]


centroids: [[0.37695749 0.01865544 0.00889818 0.26903314]
 [0.92163743 0.01724651 0.00885508 0.39939693]
 [0.21645702 0.02457094 0.00832365 0.79864387]
 [0.57919255 0.02531845 0.0114583  0.79813665]
 [0.91158901 0.02332787 0.009054   0.7890905 ]
 [0.57820513 0.02216428 0.00969741 0.1063101 ]
 [0.90361446 0.02185011 0.00848893 0.11790914]
 [0.08362369 0.0216146  0.00871906 0.17966028]
 [0.05422648 0.01800341 0.0085943  0.55808911]
 [0.60272109 0.0206157  0.00838572 0.41938776]]


 The average silhouette_score is : 0.38631196879340496

*************

For n_clusters = 20

cluster_labels: [13  5  8 ...  4  4 10]


centroids: [[ 3.33333333e-01  2.02296337e-02  9.04550782e-03  6.78931452e-01]
 [ 6.66666667e-01  2.14607975e-02  7.96140339e-03  3.79496403e-01]
 [ 3.33333333e-01  1.62212748e-02  9.05707557e-03  3.29083589e-01]
 [ 7.57383966e-01  2.47800901e-02  8.66878637e-03  8.67583070e-01]
 [ 1.00000000e+00  1.87247780e-02  8.82419318e-03  1.16517857e-01]
 [ 7.97101449e-02  1.78088922e-02  7.95040868e-03  6.51834239e-01]
 [ 8.33333333e-01  1.78109739e-02  9.11719817e-03  3.80826271e-01]
 [ 6.41891892e-02  1.71781951e-02  9.28653772e-03  3.93581081e-01]
 [ 8.73015873e-02  2.59425804e-02  8.20517781e-03  8.63307823e-01]
 [ 6.66666667e-01  1.94295163e-02  9.34381382e-03  1.14202236e-01]
 [ 1.00000000e+00  2.58765688e-02  9.56911834e-03  7.96636450e-01]
 [ 4.38428875e-01  2.68811400e-02  7.69764844e-03  8.83359873e-01]
 [ 7.42690058e-01  2.38874021e-02  1.44813060e-02  6.74159357e-01]
 [-8.88178420e-16  2.57435241e-02  8.09264062e-03  1.14534198e-01]
 [ 5.00000000e-01  1.85381356e-02  8.82701422e-03  3.60839844e-01]
 [ 5.00000000e-01  2.04630012e-02  8.17824529e-03  6.81402439e-01]
 [ 1.00000000e+00  1.69491525e-02  8.69401463e-03  3.94971026e-01]
 [ 8.33333333e-01  2.41290019e-02  8.24447077e-03  1.18923611e-01]
 [ 4.50777202e-01  2.50285413e-02  9.83473713e-03  9.21308290e-02]
 [ 1.66666667e-01  2.03389831e-02  9.00473934e-03  1.72125000e-01]]


 The average silhouette_score is : 0.43729647358059776

*************

